Misc 0.0 0.0 0.0 0.0 0.0 0.0 0.0 1.4441 1.6754 3.3648 4.1843 1.4961 2.3764 0.0136
Misc 0.0 0.0 0.0 0.0 0.0 0.0 0.0 0.0007 0.0008 1.7047 39.433 55.742 -1.109 3.6199
Misc 0.0 0.0 0.0 0.0 0.0 0.0 0.0 1.5034 1.6835 3.6974 1.1010 0.9129 2.6476 0.0431
Misc 0.0 0.0 0.0 0.0 0.0 0.0 0.0 8.1689 2.9932 6.7194 37.770 6.4017 3.0499 1.2013
Misc 0.0 0.0 0.0 0.0 0.0 0.0 0.0 1.4990 1.6686 3.9318 -12.34 0.8710 9.9363 0.0008
Misc 0.0 0.0 0.0 0.0 0.0 0.0 0.0 1.4173 1.5971 3.4797 -17.36 1.2574 1.6529 -0.027
Misc 0.0 0.0 0.0 0.0 0.0 0.0 0.0 1.5107 1.6699 4.1504 -14.52 1.4826 1.9214 0.0848
Misc 0.0 0.0 0.0 0.0 0.0 0.0 0.0 1.7987 1.6710 4.1494 -9.274 1.5162 14.535 1.6309
Misc 0.0 0.0 0.0 0.0 0.0 0.0 0.0 1.5759 1.7573 4.3383 -4.073 1.2956 12.792 0.0834
Misc 0.0 0.0 0.0 0.0 0.0 0.0 0.0 1.5708 1.6712 3.7891 -13.30 1.3160 5.6865 -0.146
Misc 0.0 0.0 0.0 0.0 0.0 0.0 0.0 1.5164 1.6820 3.9296 -10.04 0.9088 3.4927 0.0621
Misc 0.0 0.0 0.0 0.0 0.0 0.0 0.0 1.5552 1.7121 3.9516 6.7629 1.1945 7.1283 -0.095
Misc 0.0 0.0 0.0 0.0 0.0 0.0 0.0 2.5717 2.2276 5.7449 -6.139 0.8669 16.757 1.2011
Misc 0.0 0.0 0.0 0.0 0.0 0.0 0.0 1.6365 1.7002 4.4303 -6.260 0.9806 6.4164 0.0431
Misc 0.0 0.0 0.0 0.0 0.0 0.0 0.0 1.6887 1.7368 4.3764 8.7109 1.2025 4.1032 0.0247
Misc 0.0 0.0 0.0 0.0 0.0 0.0 0.0 1.7475 1.7332 4.4268 8.6653 0.8295 13.603 1.6001
Misc 0.0 0.0 0.0 0.0 0.0 0.0 0.0 1.6298 1.7248 3.7903 3.2074 0.6482 16.146 -0.027
Misc 0.0 0.0 0.0 0.0 0.0 0.0 0.0 1.5290 1.6735 3.4842 -7.485 0.7952 2.0157 0.0901
Misc 0.0 0.0 0.0 0.0 0.0 0.0 0.0 1.4504 1.6544 3.8494 -33.69 1.0303 16.670 -0.036
Misc 0.0 0.0 0.0 0.0 0.0 0.0 0.0 1.8439 1.7118 4.2745 -0.885 1.1286 19.137 1.7368
Misc 0.0 0.0 0.0 0.0 0.0 0.0 0.0 1.6706 1.7552 4.3874 -24.02 0.8803 16.648 0.0030
Misc 0.0 0.0 0.0 0.0 0.0 0.0 0.0 1.7712 1.7677 4.1598 -3.499 0.8228 3.4965 0.1077
Misc 0.0 0.0 0.0 0.0 0.0 0.0 0.0 1.4748 1.6462 3.8063 -15.87 0.9205 22.111 0.0052
Misc 0.0 0.0 0.0 0.0 0.0 0.0 0.0 1.6174 1.7436 4.0139 4.4434 0.9688 6.3714 0.0922
Misc 0.0 0.0 0.0 0.0 0.0 0.0 0.0 1.6347 1.7494 4.2136 -1.672 1.4085 14.750 0.0661
Misc 0.0 0.0 0.0 0.0 0.0 0.0 0.0 1.4858 1.6693 3.4896 1.5383 1.1309 10.107 -0.031
Misc 0.0 0.0 0.0 0.0 0.0 0.0 0.0 1.4980 1.6877 4.0610 -23.89 0.9496 25.325 -0.012
Misc 0.0 0.0 0.0 0.0 0.0 0.0 0.0 1.5191 1.6628 4.0219 -8.914 1.2531 7.7691 -0.062
Misc 0.0 0.0 0.0 0.0 0.0 0.0 0.0 1.5146 1.6934 3.9800 -29.39 0.9708 31.674 0.0196
Misc 0.0 0.0 0.0 0.0 0.0 0.0 0.0 1.6266 1.7118 3.7342 17.071 0.5892 19.858 0.0460
Misc 0.0 0.0 0.0 0.0 0.0 0.0 0.0 1.4884 1.6712 3.8799 -18.30 1.0089 26.571 -0.040
Misc 0.0 0.0 0.0 0.0 0.0 0.0 0.0 1.4786 1.6689 4.0658 -26.69 0.9551 27.857 -0.055
Misc 0.0 0.0 0.0 0.0 0.0 0.0 0.0 1.5586 1.6936 3.7220 0.6315 0.3863 72.987 -0.077
Misc 0.0 0.0 0.0 0.0 0.0 0.0 0.0 2.4582 1.9771 5.0100 -15.22 1.1060 9.1275 -0.065
Misc 0.0 0.0 0.0 0.0 0.0 0.0 0.0 1.5163 1.6658 3.5478 5.5622 0.6841 19.250 -0.004
Misc 0.0 0.0 0.0 0.0 0.0 0.0 0.0 1.4952 1.6737 4.0763 -22.07 0.9576 27.154 -0.007
Misc 0.0 0.0 0.0 0.0 0.0 0.0 0.0 1.7293 1.7471 3.5665 1.2029 1.0789 16.118 -0.065
Misc 0.0 0.0 0.0 0.0 0.0 0.0 0.0 1.4904 1.6615 3.7396 3.8064 1.0975 27.907 -0.039
Misc 0.0 0.0 0.0 0.0 0.0 0.0 0.0 1.5697 1.7187 3.8647 -20.57 0.6222 22.768 -0.059
